no                            name                          time                          lat                           lon                           depth                         mag                           dist                          
19                            ci14404512                    2008-11-20T19:23:00.190000Z   32.3288333                    -115.3318333                  6.006                         4.98                          87.0                          
20                            ci10368325                    2008-12-28T05:17:07.470000Z   32.5681667                    -115.5428333                  10.01                         4.52                          59.0                          
21                            ci14433456                    2009-03-24T11:55:43.930000Z   33.3171667                    -115.7281667                  6.003                         4.77                          31.0                          
22                            ci14512436                    2009-09-19T22:55:17.840000Z   32.3706667                    -115.2611667                  9.987                         5.08                          84.0                          
23                            ci14565620                    2009-12-30T18:48:57.330000Z   32.464                        -115.1891667                  5.971                         5.8                           77.0                          
24                            ci14565636                    2009-12-30T18:53:23.960000Z   32.5323333                    -115.2081667                  5.986                         4.77                          70.0                          
25                            ci14607652                    2010-04-04T22:40:42.360000Z   32.2861667                    -115.2953333                  9.987                         7.2                           93.0                          
26                            ci10184394                    2010-04-04T22:43:00.430000Z   32.4533333                    -115.632                      9.981                         5.26                          72.0                          
27                            ci14607820                    2010-04-04T23:09:40.110000Z   32.204                        -115.3328333                  9.979                         4.79                          101.0                         
28                            ci14607836                    2010-04-04T23:15:14.240000Z   32.3                          -115.2595                     9.987                         5.43                          92.0                          
29                            ci10169094                    2010-04-04T23:17:13.080000Z   32.2211667                    -115.2906667                  9.995                         4.56                          100.0                         
30                            ci14607924                    2010-04-04T23:25:07.190000Z   32.2661667                    -115.2925                     9.987                         5.38                          95.0                          
31                            ci14607972                    2010-04-04T23:37:33.490000Z   32.4623333                    -115.5978333                  9.966                         4.7                           71.0                          
32                            ci14608980                    2010-04-05T01:52:25.420000Z   32.5933333                    -115.7733333                  4.085                         4.68                          60.0                          
33                            ci30389759                    2010-04-05T02:47:27.410000Z   32.2851667                    -115.3025                     10.003                        4.51                          93.0                          
34                            ci14609660                    2010-04-05T03:15:24.770000Z   32.6465                       -115.8055                     1.243                         4.96                          56.0                          
35                            ci14612516                    2010-04-05T11:14:14.890000Z   32.6638333                    -115.8088333                  13.653                        4.93                          55.0                          
36                            ci14613212                    2010-04-05T13:33:05.360000Z   32.6401667                    -115.8018333                  0.002                         4.73                          57.0                          
37                            ci14616380                    2010-04-06T01:23:00.820000Z   32.2151667                    -115.0715                     9.994                         4.51                          107.0                         
38                            ci14617100                    2010-04-06T04:12:21.260000Z   32.5936667                    -115.7738333                  3.983                         4.56                          60.0                          
39                            ci14618772                    2010-04-06T10:06:37.750000Z   32.6651667                    -115.8106667                  1.733                         4.51                          55.0                          
40                            ci10597061                    2010-04-10T09:12:28.030000Z   32.6753333                    -115.7581667                  9.715                         4.5                           51.0                          
41                            ci10629477                    2010-04-22T17:12:13.050000Z   32.6595                       -115.8075                     5.315                         4.63                          55.0                          
42                            ci14682004                    2010-04-27T10:55:35.720000Z   32.6921667                    -115.8465                     3.278                         4.58                          54.0                          
43                            ci14692836                    2010-05-04T11:26:32.050000Z   32.2636667                    -115.2866667                  14.059                        4.68                          95.0                          
44                            ci10657533                    2010-05-08T18:33:10.750000Z   32.6815                       -115.7971667                  5.955                         4.8                           52.0                          
45                            ci10657549                    2010-05-08T18:46:27.460000Z   32.6755                       -115.8101667                  2.383                         4.69                          54.0                          
46                            ci10671989                    2010-05-19T00:38:59.780000Z   32.6601667                    -115.8253333                  8.913                         4.53                          56.0                          
47                            ci14718756                    2010-05-22T17:30:58.170000Z   32.6168333                    -115.7563333                  8.073                         4.9                           57.0                          
48                            ci14718764                    2010-05-22T17:33:17.900000Z   32.6243333                    -115.7683333                  7.493                         4.6                           57.0                          
49                            ci14745580                    2010-06-15T04:26:58.240000Z   32.705                        -115.9113333                  8.756                         5.71                          56.0                          
50                            ci10736069                    2010-07-07T23:53:33.480000Z   33.4173333                    -116.4746667                  12.318                        5.42                          95.0                          
51                            ci10832573                    2010-11-04T19:39:59.550000Z   32.8645                       -115.9973333                  13.146                        4.57                          51.0                          
52                            ci11129826                    2012-07-01T03:25:20.450000Z   32.2071667                    -115.3431667                  2.821                         4.64                          100.0                         
53                            ci11129914                    2012-07-01T06:36:06.350000Z   32.2131667                    -115.2886667                  9.641                         4.68                          101.0                         
54                            ci15199593                    2012-08-26T19:20:04.810000Z   33.0158333                    -115.5363333                  4.79                          4.59                          9.0                           
55                            ci15199681                    2012-08-26T19:31:23.040000Z   33.0171667                    -115.5536667                  8.323                         5.32                          9.0                           
56                            ci15199689                    2012-08-26T19:33:01.090000Z   33.0135                       -115.5591667                  4.387                         4.89                          10.0                          
57                            ci15200401                    2012-08-26T20:57:58.220000Z   33.0185                       -115.5403333                  8.283                         5.41                          9.0                           
58                            ci15201537                    2012-08-26T23:33:25.130000Z   33.028                        -115.5305                     7.47                          4.63                          8.0                           
59                            ci15202921                    2012-08-27T04:41:37.000000Z   33.0211667                    -115.5195                     4.17                          4.93                          9.0                           
60                            ci15296281                    2013-03-11T16:56:06.060000Z   33.5008333                    -116.4581667                  10.943                        4.7                           97.0                          
61                            ci37374687                    2016-06-10T08:04:38.700000Z   33.4315                       -116.4426667                  12.31                         5.19                          93.0                          
62                            ci38138175                    2018-11-19T20:18:42.510000Z   32.2065                       -115.2535                     10.95                         4.82                          102.0                         
63                            ci39126079                    2020-04-04T01:53:18.920000Z   33.4895                       -116.5063333                  10.45                         4.87                          101.0                         
64                            ci38488354                    2020-05-10T22:07:40.370000Z   33.0183333                    -116.0201667                  10.16                         4.54                          47.0                          
65                            ci39338407                    2020-08-10T15:56:14.330000Z   33.2468333                    -115.69                       2.07                          4.59                          22.0                          
66                            ci39641528                    2020-10-01T00:31:27.280000Z   33.0546667                    -115.5906667                  14.19                         4.93                          7.0                           
67                            ci39596135                    2021-03-31T08:56:25.940000Z   32.3903333                    -115.2498333                  19.22                         4.75                          83.0                          
68                            ci39919392                    2021-06-05T17:55:58.820000Z   33.14                         -115.6348333                  5.78                          5.25                          11.0                          
69                            ci39720706                    2023-12-01T07:43:27.480000Z   32.7518333                    -115.8728333                  8.69                          4.8                           50.0                          
